3.900000000000000000e+01
4.100000000000000000e+01
6.000000000000000000e+01
6.100000000000000000e+01
1.810000000000000000e+02
1.820000000000000000e+02
3.100000000000000000e+02
4.570000000000000000e+02
4.640000000000000000e+02
4.680000000000000000e+02
4.760000000000000000e+02
7.130000000000000000e+02
7.150000000000000000e+02
7.170000000000000000e+02
7.210000000000000000e+02
7.230000000000000000e+02
7.260000000000000000e+02
7.270000000000000000e+02
7.300000000000000000e+02
7.340000000000000000e+02
7.350000000000000000e+02
7.370000000000000000e+02
7.400000000000000000e+02
7.430000000000000000e+02
7.440000000000000000e+02
7.490000000000000000e+02
7.510000000000000000e+02
7.520000000000000000e+02
7.540000000000000000e+02
7.610000000000000000e+02
7.630000000000000000e+02
7.720000000000000000e+02
7.740000000000000000e+02
7.760000000000000000e+02
7.800000000000000000e+02
7.870000000000000000e+02
7.910000000000000000e+02
7.920000000000000000e+02
7.930000000000000000e+02
7.950000000000000000e+02
7.990000000000000000e+02
8.030000000000000000e+02
8.070000000000000000e+02
8.130000000000000000e+02
8.160000000000000000e+02
8.190000000000000000e+02
8.200000000000000000e+02
8.210000000000000000e+02
8.240000000000000000e+02
8.270000000000000000e+02
8.290000000000000000e+02
8.300000000000000000e+02
8.410000000000000000e+02
8.430000000000000000e+02
8.450000000000000000e+02
8.460000000000000000e+02
8.490000000000000000e+02
8.550000000000000000e+02
8.630000000000000000e+02
8.690000000000000000e+02
8.700000000000000000e+02
8.710000000000000000e+02
8.840000000000000000e+02
8.930000000000000000e+02
8.940000000000000000e+02
9.000000000000000000e+02
9.010000000000000000e+02
9.030000000000000000e+02
9.050000000000000000e+02
9.060000000000000000e+02
9.070000000000000000e+02
9.080000000000000000e+02
9.090000000000000000e+02
9.100000000000000000e+02
9.110000000000000000e+02
9.120000000000000000e+02
9.130000000000000000e+02
9.140000000000000000e+02
9.160000000000000000e+02
9.170000000000000000e+02
9.190000000000000000e+02
9.240000000000000000e+02
9.250000000000000000e+02
9.290000000000000000e+02
9.310000000000000000e+02
9.350000000000000000e+02
9.360000000000000000e+02
9.430000000000000000e+02
9.460000000000000000e+02
9.480000000000000000e+02
9.520000000000000000e+02
9.690000000000000000e+02
9.790000000000000000e+02
9.960000000000000000e+02
1.005000000000000000e+03
1.011000000000000000e+03
1.015000000000000000e+03
1.021000000000000000e+03
1.120000000000000000e+03
1.413000000000000000e+03
1.460000000000000000e+03
1.471000000000000000e+03
1.475000000000000000e+03
1.489000000000000000e+03
1.496000000000000000e+03
